('D = ', [-0.012649589141458185, -0.01345042601007748, -0.007384545753933374, -0.0003304670723656411, 0.0])
('K = ', [286.4931637345315, 0.0, 161.05772510763725, 0.0, 286.7532312956228, 120.01067491252732, 0.0, 0.0, 1.0])
('R = ', [1.0, 0.0, 0.0, 0.0, 1.0, 0.0, 0.0, 0.0, 1.0])
('P = ', [285.67431640625, 0.0, 160.97394892113516, 0.0, 0.0, 285.96466064453125, 118.87704020494311, 0.0, 0.0, 0.0, 1.0, 0.0])
None
# oST version 5.0 parameters


[image]

width
320

height
240

[narrow_stereo]

camera matrix
286.493164 0.000000 161.057725
0.000000 286.753231 120.010675
0.000000 0.000000 1.000000

distortion
-0.012650 -0.013450 -0.007385 -0.000330 0.000000

rectification
1.000000 0.000000 0.000000
0.000000 1.000000 0.000000
0.000000 0.000000 1.000000

projection
285.674316 0.000000 160.973949 0.000000
0.000000 285.964661 118.877040 0.000000
0.000000 0.000000 1.000000 0.000000
